header: 
  seq: 142894
  stamp: 
    secs: 1673521476
    nsecs: 299878000
  frame_id: "/left_hand_camera"
height: 800
width: 1280
distortion_model: "plumb_bob"
D: [0.0164588080192, -0.044437636049, 0.000520908256022, 0.000104349086571, 0.00945373373528]
K: [403.329926796, 0.0, 656.042542988, 0.0, 403.329926796, 408.450436661, 0.0, 0.0, 1.0]
R: [1.0, 0.0, 0.0, 0.0, 1.0, 0.0, 0.0, 0.0, 1.0]
P: [403.329926796, 0.0, 656.042542988, 0.0, 0.0, 403.329926796, 408.450436661, 0.0, 0.0, 0.0, 1.0, 0.0]
binning_x: 1
binning_y: 1
roi: 
  x_offset: 320
  y_offset: 200
  height: 400
  width: 640
  do_rectify: False
